6.044669
6.76392
7.48161
8.194837
8.899065
9.61987
10.28332
11.70632
12.45509
13.13991
13.34044
13.81975
14.53986
15.24025
15.94312
16.09372
16.60948
17.32895
18.06348
18.80194
19.52201
20.19819
20.34874
20.89887
21.23609
23.0533
23.74217
24.11155
24.43565
24.83887
25.13817
25.87719
26.55891
27.2423
27.57916
27.92789
28.69631
29.37597
30.09527
30.78012
31.48226
31.64915
32.19946
32.53465
32.88408
33.25314
33.60345
34.32769
35.03687
35.72209
35.88863
36.47364
37.15593
37.85586
38.00685
38.53965
38.89254
39.21246
39.98062
40.1468
40.67768
41.39951
41.56503
42.09659
42.80243
42.96877
43.45306
43.86447
